[gd_scene load_steps=3 format=2]

[ext_resource path="res://src/OrbitalCamera.tscn" type="PackedScene" id=2]
[ext_resource path="res://src/Character.tscn" type="PackedScene" id=3]

[node name="Player" instance=ExtResource( 3 )]

[node name="HipsControl" parent="Armature/Main" index="0"]
transform = Transform( 5.96046e-08, 0, -1, 0, -1, 0, -1, 0, 5.96046e-08, 9.18091e-10, 1.50575, 0.0661997 )

[node name="UpperLegL 2" parent="Armature/Main/HipsControl" index="0"]
transform = Transform( -0.0222577, -0.173514, -0.98458, 0.270787, 0.946965, -0.173007, 0.962382, -0.270462, 0.0259083, 0.0190356, 0.154016, -0.227592 )

[node name="LowerLegL 2" parent="Armature/Main/HipsControl/UpperLegL 2" index="0"]
transform = Transform( 0.996019, 0.083933, 0.030014, -0.0843415, 0.778429, 0.622041, 0.028846, -0.622096, 0.782409, 6.63923e-08, 0.447647, -1.18269e-08 )

[node name="AnkleL" parent="Armature/Main/HipsControl/UpperLegL 2/LowerLegL 2" index="0"]
transform = Transform( 0.999196, 0.0146107, 0.0373231, 0.02239, 0.568884, -0.822113, -0.0332441, 0.822288, 0.5681, 4.95587e-08, 0.509089, 4.38229e-08 )

[node name="ToesL 2" parent="Armature/Main/HipsControl/UpperLegL 2/LowerLegL 2/AnkleL" index="0"]
transform = Transform( 0.996541, -0.0830706, -0.00232738, 0.0453597, 0.567188, -0.822338, 0.0696322, 0.819388, 0.568995, 9.54871e-09, 0.420858, 1.65135e-08 )

[node name="Hips 2" parent="Armature/Main/HipsControl" index="1"]
transform = Transform( -2.86102e-06, 0.159044, -0.987272, -5.14089e-07, -0.987272, -0.159044, -0.999998, 5.21541e-08, 2.80142e-06, 0, 0.30389, 0 )

[node name="Torso 2" parent="Armature/Main/HipsControl/Hips 2" index="0"]
transform = Transform( 1, 2.81472e-08, 4.22282e-08, -2.3113e-08, 0.993388, -0.114808, -4.51805e-08, 0.114808, 0.993388, 1.60982e-15, 0.294915, -5.58794e-09 )

[node name="Chest 2" parent="Armature/Main/HipsControl/Hips 2/Torso 2" index="0"]
transform = Transform( 1, 2.20499e-08, 6.03545e-08, -2.26004e-08, 0.999958, 0.00913597, -6.01505e-08, -0.00913597, 0.999958, -2.68144e-15, 0.262647, -2.08934e-09 )

[node name="Neck 2" parent="Armature/Main/HipsControl/Hips 2/Torso 2/Chest 2" index="0"]
transform = Transform( 0.99607, 0.000987348, -0.088562, -0.0144053, 0.988429, -0.150999, 0.0873882, 0.151682, 0.984559, 4.48904e-17, 0.642611, 2.56244e-09 )

[node name="UpperArmL 2" parent="Armature/Main/HipsControl/Hips 2/Torso 2/Chest 2/ShoulderL" index="0"]
transform = Transform( 0.184423, 0.826894, 0.531257, -0.945084, 0.297588, -0.135111, -0.269818, -0.477165, 0.836368, 1.62434e-07, 0.206779, -1.09144e-09 )

[node name="LowerArmL 2" parent="Armature/Main/HipsControl/Hips 2/Torso 2/Chest 2/ShoulderL/UpperArmL 2" index="0"]
transform = Transform( 0.927263, -0.29858, 0.225902, 0.303293, 0.245237, -0.9208, 0.219533, 0.922339, 0.317957, 1.40965e-07, 0.424971, 1.48382e-08 )

[node name="HandL 2" parent="Armature/Main/HipsControl/Hips 2/Torso 2/Chest 2/ShoulderL/UpperArmL 2/LowerArmL 2" index="0"]
transform = Transform( 0.862276, 0.499818, -0.081623, -0.465203, 0.845413, 0.262417, 0.200166, -0.188305, 0.961494, 7.36927e-08, 0.411673, 1.968e-08 )

[node name="ThumbL 2" parent="Armature/Main/HipsControl/Hips 2/Torso 2/Chest 2/ShoulderL/UpperArmL 2/LowerArmL 2" index="1"]
transform = Transform( 0.334036, 0.723835, -0.603723, -0.854546, 0.502828, 0.130051, 0.397704, 0.472468, 0.786514, 2.97104e-09, 0.411673, 2.28067e-09 )

[node name="ShoulderR" parent="Armature/Main/HipsControl/Hips 2/Torso 2/Chest 2" index="2"]
transform = Transform( 0.155953, -0.987764, -9.62988e-07, 0.987738, 0.155949, -0.00730224, 0.00721304, 0.00113786, 0.999973, -0.155619, 0.452355, -0.0154602 )

[node name="UpperArmR 2" parent="Armature/Main/HipsControl/Hips 2/Torso 2/Chest 2/ShoulderR" index="0"]
transform = Transform( 0.15694, -0.889224, -0.42971, 0.935291, 0.273555, -0.224495, 0.317176, -0.366672, 0.874615, -5.20153e-07, 0.20678, 5.47505e-09 )

[node name="LowerArmR 2" parent="Armature/Main/HipsControl/Hips 2/Torso 2/Chest 2/ShoulderR/UpperArmR 2" index="0"]
transform = Transform( 0.957256, 0.255883, -0.134842, -0.259922, 0.556524, -0.789127, -0.126881, 0.790446, 0.599247, -1.44956e-07, 0.424971, -3.47e-08 )

[node name="ThumbR 2" parent="Armature/Main/HipsControl/Hips 2/Torso 2/Chest 2/ShoulderR/UpperArmR 2/LowerArmR 2" index="0"]
transform = Transform( 0.161362, -0.82276, 0.545003, 0.7684, 0.451281, 0.453769, -0.619293, 0.34556, 0.705028, 2.16616e-10, 0.411673, 7.08876e-08 )

[node name="HandR 2" parent="Armature/Main/HipsControl/Hips 2/Torso 2/Chest 2/ShoulderR/UpperArmR 2/LowerArmR 2" index="1"]
transform = Transform( 0.794442, -0.453319, 0.404184, 0.240328, 0.84582, 0.476268, -0.557768, -0.281231, 0.7809, -1.00689e-08, 0.411673, 4.88459e-08 )

[node name="UpperLegR 2" parent="Armature/Main/HipsControl" index="2"]
transform = Transform( 0.0251429, -0.173422, -0.984527, -0.271252, 0.946707, -0.173688, 0.96218, 0.271422, -0.0232381, 0.0190356, 0.154016, 0.227592 )

[node name="LowerLegR 2" parent="Armature/Main/HipsControl/UpperLegR 2" index="0"]
transform = Transform( 0.996019, -0.083933, -0.030014, 0.0843416, 0.778429, 0.622041, -0.028846, -0.622096, 0.782409, -6.92416e-08, 0.447647, -1.83545e-08 )

[node name="AnkleR" parent="Armature/Main/HipsControl/UpperLegR 2/LowerLegR 2" index="0"]
transform = Transform( 0.999081, -0.0110196, -0.0414127, -0.0232453, 0.672493, -0.739739, 0.0360014, 0.740022, 0.671619, -1.27208e-08, 0.509089, 1.06386e-09 )

[node name="MovementController" type="Node" parent="." index="3"]

[node name="OrbitalCamera" parent="." index="4" instance=ExtResource( 2 )]
transform = Transform( 1, 0, 0, 0, 1, 0, 0, 0, 1, 0, 1, 0 )
