[gd_scene load_steps=3 format=2]

[ext_resource path="res://src/OrbitalCamera.tscn" type="PackedScene" id=2]
[ext_resource path="res://src/Character.tscn" type="PackedScene" id=3]

[node name="Player" instance=ExtResource( 3 )]

[node name="HipsControl" parent="Armature/Main" index="0"]
transform = Transform( 5.96046e-08, 0, -1, 0, -1, 0, -1, 0, 5.96046e-08, 0, 1.53763, -0.00320195 )

[node name="UpperLegL 2" parent="Armature/Main/HipsControl" index="0"]
transform = Transform( -0.0162332, -0.179594, -0.983607, 0.248304, 0.952196, -0.177956, 0.968546, -0.247122, 0.0291366, 0.0190356, 0.154016, -0.227592 )

[node name="LowerLegL 2" parent="Armature/Main/HipsControl/UpperLegL 2" index="0"]
transform = Transform( 0.99746, 0.0685425, 0.0193901, -0.0688761, 0.858611, 0.507979, 0.0181695, -0.508024, 0.861151, 1.1739e-07, 0.447647, -7.57562e-09 )

[node name="AnkleL" parent="Armature/Main/HipsControl/UpperLegL 2/LowerLegL 2" index="0"]
transform = Transform( 0.999636, 0.00588194, 0.0263167, 0.0152423, 0.681814, -0.731367, -0.0222449, 0.731502, 0.681477, 3.9798e-08, 0.509089, 3.52907e-08 )

[node name="ToesL 2" parent="Armature/Main/HipsControl/UpperLegL 2/LowerLegL 2/AnkleL" index="0"]
transform = Transform( 0.996542, -0.0830526, -0.00233483, 0.0453312, 0.567047, -0.822437, 0.0696295, 0.819488, 0.568851, 6.73274e-09, 0.420858, 2.22612e-08 )

[node name="Chest 2" parent="Armature/Main/HipsControl/Hips 2/Torso 2" index="0"]
transform = Transform( 1, 4.01773e-08, -3.08006e-08, -4.21766e-08, 0.997691, -0.067923, 2.80005e-08, 0.067923, 0.997691, -2.33147e-15, 0.262647, -1.66533e-16 )

[node name="Neck 2" parent="Armature/Main/HipsControl/Hips 2/Torso 2/Chest 2" index="0"]
transform = Transform( 1, 1.62099e-09, 2.39278e-07, 1.25565e-10, 0.999973, -0.00729909, -2.39283e-07, 0.00729909, 0.999973, 5.85773e-16, 0.642611, 2.3138e-09 )

[node name="UpperArmL 2" parent="Armature/Main/HipsControl/Hips 2/Torso 2/Chest 2/ShoulderL" index="0"]
transform = Transform( 0.214391, 0.897169, 0.386166, -0.932375, 0.305787, -0.192793, -0.291052, -0.318719, 0.902057, 1.06076e-07, 0.206779, -1.21482e-08 )

[node name="LowerArmL 2" parent="Armature/Main/HipsControl/Hips 2/Torso 2/Chest 2/ShoulderL/UpperArmL 2" index="0"]
transform = Transform( 0.93677, -0.289199, 0.19704, 0.293764, 0.343899, -0.891872, 0.190167, 0.893363, 0.407111, 8.36997e-08, 0.424971, -2.4052e-08 )

[node name="HandL 2" parent="Armature/Main/HipsControl/Hips 2/Torso 2/Chest 2/ShoulderL/UpperArmL 2/LowerArmL 2" index="0"]
transform = Transform( 0.880639, 0.464272, -0.0944829, -0.430941, 0.86778, 0.247481, 0.196889, -0.177225, 0.964274, 6.87207e-09, 0.411673, 3.13773e-08 )

[node name="FingersL 2" parent="Armature/Main/HipsControl/Hips 2/Torso 2/Chest 2/ShoulderL/UpperArmL 2/LowerArmL 2/HandL 2" index="0"]
transform = Transform( 0.931845, 0.359014, -0.0526649, -0.361822, 0.930301, -0.0602067, 0.0273792, 0.0751586, 0.996796, -3.46796e-08, 0.39942, -9.54394e-09 )

[node name="ThumbL 2" parent="Armature/Main/HipsControl/Hips 2/Torso 2/Chest 2/ShoulderL/UpperArmL 2/LowerArmL 2" index="1"]
transform = Transform( 0.368757, 0.701266, -0.610118, -0.844357, 0.527181, 0.0956062, 0.388688, 0.479903, 0.786521, 2.21814e-08, 0.411673, 7.73952e-08 )

[node name="ShoulderR" parent="Armature/Main/HipsControl/Hips 2/Torso 2/Chest 2" index="2"]
transform = Transform( 0.407925, -0.910587, 0.0665449, 0.912427, 0.409194, 0.00608729, -0.0327728, 0.0582342, 0.997765, -0.155619, 0.452354, -0.0154602 )

[node name="UpperArmR 2" parent="Armature/Main/HipsControl/Hips 2/Torso 2/Chest 2/ShoulderR" index="0"]
transform = Transform( -0.0215191, -0.96035, -0.277965, 0.912511, 0.0947311, -0.397932, 0.408486, -0.26221, 0.874291, 1.04392e-07, 0.20678, -1.10119e-08 )

[node name="LowerArmR 2" parent="Armature/Main/HipsControl/Hips 2/Torso 2/Chest 2/ShoulderR/UpperArmR 2" index="0"]
transform = Transform( 0.962496, 0.243835, -0.118937, -0.247684, 0.610897, -0.751969, -0.110698, 0.753226, 0.64838, -1.50696e-07, 0.424971, 4.4249e-08 )

[node name="ThumbR 2" parent="Armature/Main/HipsControl/Hips 2/Torso 2/Chest 2/ShoulderR/UpperArmR 2/LowerArmR 2" index="0"]
transform = Transform( 0.121005, -0.72147, 0.681791, 0.762134, 0.507594, 0.40187, -0.63601, 0.470988, 0.611279, 4.49453e-08, 0.411673, 4.0148e-08 )

[node name="HandR 2" parent="Armature/Main/HipsControl/Hips 2/Torso 2/Chest 2/ShoulderR/UpperArmR 2/LowerArmR 2" index="1"]
transform = Transform( 0.713484, -0.425442, 0.556721, 0.186926, 0.881333, 0.433947, -0.675276, -0.205549, 0.708344, 1.97512e-09, 0.411673, 3.2463e-08 )

[node name="FingersR 2" parent="Armature/Main/HipsControl/Hips 2/Torso 2/Chest 2/ShoulderR/UpperArmR 2/LowerArmR 2/HandR 2" index="0"]
transform = Transform( 0.931845, -0.359014, 0.0526651, 0.361822, 0.930301, -0.0602066, -0.0273794, 0.0751586, 0.996796, -1.33875e-07, 0.39942, 3.84819e-09 )

[node name="UpperLegR 2" parent="Armature/Main/HipsControl" index="2"]
transform = Transform( 0.0179803, -0.180122, -0.98348, -0.248816, 0.951888, -0.178885, 0.968384, 0.247922, -0.027702, 0.0190356, 0.154016, 0.227592 )

[node name="LowerLegR 2" parent="Armature/Main/HipsControl/UpperLegR 2" index="0"]
transform = Transform( 0.997458, -0.068569, -0.0194059, 0.0689028, 0.858492, 0.508177, -0.0181854, -0.508222, 0.861034, -1.06067e-07, 0.447647, 1.97498e-09 )

[node name="AnkleR" parent="Armature/Main/HipsControl/UpperLegR 2/LowerLegR 2" index="0"]
transform = Transform( 0.99959, -0.00279636, -0.0285032, -0.0159527, 0.772177, -0.635206, 0.0237858, 0.635401, 0.771815, 1.41887e-07, 0.509089, -1.9791e-08 )

[node name="MovementController" type="Node" parent="." index="3"]

[node name="OrbitalCamera" parent="." index="4" instance=ExtResource( 2 )]
transform = Transform( 1, 0, 0, 0, 1, 0, 0, 0, 1, 0, 1, 0 )
